(
 (26.937066547706586, 75.92323972023897 - 26.937011849391904, 75.92277079247938 - 26.9367793812585, 75.92241142728045 - 26.936464864771967, 75.92224927463525 - 26.93536, 75.92215 - 26.93434332077833, 75.92213313830503 )
 
 (26.937066547706586, 75.92323972023897 - 26.93657, 75.92321)

 (26.93434332077833, 75.92213313830503 - 26.934364809906914, 75.92143632034175 - 26.934073729453196, 75.92116898769376 - 26.934009261868507, 75.92109886765495 - 26.93395065494137, 75.92074607620965 - 26.934026843938625, 75.92026180964302)
 
 (26.93434332077833, 75.92213313830503 - 26.93433, 75.9232)
 
 (26.93434332077833, 75.92213313830503 - 26.93332, 75.92223)
 
 (26.93223, 75.92273 - 26.93118, 75.92214 - 26.93087, 75.92168 - 26.93091, 75.9213)
 
 (26.93332, 75.92223 - 26.93326, 75.92296)
 
 (26.93332, 75.92223 - 26.93254, 75.92225 - 26.93223, 75.92273)
 
 (26.93326, 75.92296 - 26.93433, 75.9232)
 
 (26.93433, 75.9232 - 26.93432, 75.92421)
 
 (26.93433, 75.9232 - 26.93497, 75.92318)
 
 (26.93497, 75.92318 - 26.935, 75.9238)
 
 (26.93497, 75.92318 - 26.93564, 75.92315)
 
 (26.935, 75.9238 - 26.935, 75.92408 - 26.93486, 75.92421)
 
 (26.93432, 75.92421 - 26.93486, 75.92421)
 
 (26.93486, 75.92421 - 26.93521, 75.92473 - 26.9355, 75.92511 - 26.93623, 75.9254 - 26.93651, 75.92531 - 26.9369, 75.92463 - 26.93741, 75.92351)
 
 (26.93432, 75.92421 - 26.93386, 75.92416 - 26.93266, 75.92333)
 
 (26.93326, 75.92296 - 26.93303, 75.92295 - 26.93276, 75.92307 - 26.93266, 75.92333)
 )
